#     Jetson AGX Frame Rig
stereo_cameras:
- serial: '242422303248' # front
  left_camera:
    transform:
    - [1, 0, 0, -0.0475]
    - [0, 1, 0, 0.0]
    - [0, 0, 1, 0.0]
  right_camera:
    transform:
    - [1, 0, 0, 0.0475]
    - [0, 1, 0, 0.0]
    - [0, 0, 1, 0.0]
- serial: '146222250568' # left
  left_camera:
    transform:
    - [0.511375, 0.006207, 0.859335, -0.136582]
    - [-0.000724, 0.999977, -0.006793, -4.9e-05]
    - [-0.859358, 0.002851, 0.511367, 0.107138]
  right_camera:
    transform:
    - [0.511375, 0.006207, 0.859335, -0.088001]
    - [-0.000724, 0.999977, -0.006793, -0.000118]
    - [-0.859358, 0.002851, 0.511367, 0.025499]
- serial: '339522301389' # right
  left_camera:
    transform:
    - [0.507317, 0.005772, -0.86174, 0.087594]
    - [-0.002003, 0.999983, 0.005518, -0.000579]
    - [0.861757, -0.001073, 0.50732, 0.027433]
  right_camera:
    transform:
    - [0.507317, 0.005772, -0.86174, 0.135789]
    - [-0.002003, 0.999983, 0.005518, -0.000769]
    - [0.861757, -0.001073, 0.50732, 0.109299]

